0.6800000071525574
0.36000001430511475
0.5899999737739563
0.3799999952316284
0.3700000047683716
0.46000000834465027
0.7300000190734863
0.3100000023841858
0.28999999165534973
0.4099999964237213
0.4300000071525574
0.4300000071525574
0.6100000143051147
0.699999988079071
0.6499999761581421
0.28999999165534973
0.49000000953674316
0.5299999713897705
0.6299999952316284
0.4699999988079071
0.6600000262260437
0.3799999952316284
0.3700000047683716
0.28999999165534973
0.5199999809265137
0.5099999904632568
0.6000000238418579
0.550000011920929
0.6700000166893005
0.3400000035762787
0.2800000011920929
0.5
0.3199999928474426
0.38999998569488525
0.5099999904632568
0.5400000214576721
0.6000000238418579
0.33000001311302185
0.44999998807907104
0.4399999976158142
0.44999998807907104
0.5
0.36000001430511475
0.4099999964237213
0.28999999165534973
0.4000000059604645
0.7200000286102295
0.3499999940395355
0.4000000059604645
0.5299999713897705
0.6600000262260437
0.5899999737739563
0.5699999928474426
0.6000000238418579
0.4699999988079071
0.6100000143051147
0.38999998569488525
0.7200000286102295
0.6000000238418579
0.6100000143051147
0.5899999737739563
0.5
0.4399999976158142
0.7200000286102295
0.7200000286102295
0.36000001430511475
0.3799999952316284
0.3199999928474426
0.4000000059604645
0.3799999952316284
0.5
0.6000000238418579
0.36000001430511475
0.5
0.49000000953674316
0.7200000286102295
0.3799999952316284
0.5
0.3199999928474426
0.4300000071525574
0.5600000023841858
0.6000000238418579
0.4099999964237213
0.550000011920929
0.5899999737739563
0.5699999928474426
0.5199999809265137
0.3700000047683716
0.41999998688697815
0.6700000166893005
0.6000000238418579
0.5199999809265137
0.6700000166893005
0.38999998569488525
0.5
0.41999998688697815
0.699999988079071
0.5099999904632568
0.5199999809265137
0.44999998807907104
0.44999998807907104
0.6299999952316284
0.5
0.41999998688697815
0.3700000047683716
0.5899999737739563
0.4000000059604645
0.25999999046325684
0.5400000214576721
0.30000001192092896
0.6000000238418579
0.4699999988079071
0.5699999928474426
0.6499999761581421
0.4099999964237213
0.5799999833106995
0.5799999833106995
0.7099999785423279
0.5099999904632568
0.3400000035762787
0.47999998927116394
0.3400000035762787
0.5699999928474426
0.4000000059604645
0.3499999940395355
0.5
0.6600000262260437
0.3400000035762787
0.75
0.6299999952316284
0.6200000047683716
0.6499999761581421
0.38999998569488525
0.5
0.4000000059604645
0.6299999952316284
0.47999998927116394
0.33000001311302185
0.3100000023841858
0.5899999737739563
0.4000000059604645
0.36000001430511475
0.5199999809265137
0.4699999988079071
0.6499999761581421
0.41999998688697815
0.44999998807907104
0.4699999988079071
0.3199999928474426
0.6499999761581421
0.28999999165534973
0.550000011920929
0.6000000238418579
0.7099999785423279
0.4099999964237213
0.7300000190734863
0.7099999785423279
0.6800000071525574
0.30000001192092896
0.41999998688697815
0.38999998569488525
0.4099999964237213
0.7200000286102295
0.3100000023841858
0.38999998569488525
0.38999998569488525
0.7200000286102295
0.28999999165534973
0.33000001311302185
0.6899999976158142
0.6000000238418579
0.5099999904632568
0.6700000166893005
0.3100000023841858
0.30000001192092896
0.33000001311302185
0.6700000166893005
0.7400000095367432
0.5
0.4000000059604645
0.5199999809265137
0.7200000286102295
0.5600000023841858
0.4300000071525574
0.27000001072883606
0.49000000953674316
0.4699999988079071
0.6899999976158142
0.5899999737739563
0.3400000035762787
0.4300000071525574
0.6000000238418579
0.27000001072883606
0.4000000059604645
0.6399999856948853
0.25999999046325684
0.5199999809265137
0.25
0.49000000953674316
0.3499999940395355